x <- c(1, 2, 3)

1.235 * 10      # Approximately correct answer * 10
1.23456 * 10    # Perfectly correct answer * 10
